10 0.522837 0.40024 0.0889423 0.189904 0.461493
1 0.487981 0.435096 0.0865385 0.149038 0.474767
10 0.733173 0.592548 0.0865385 0.180288 0.497982
6 0.340144 0.637019 0.0264423 0.0625 0.535644
2 0.621394 0.358173 0.0456731 0.0625 0.550699
2 0.896635 0.509615 0.0480769 0.0673077 0.594029
2 0.834135 0.534856 0.0336538 0.0408654 0.611406
6 0.86899 0.926683 0.0360577 0.0600962 0.633011
4 0.49399 0.430288 0.0793269 0.168269 0.713705
2 0.6875 0.319712 0.0576923 0.0865385 0.747874
1 0.649038 0.629808 0.0625 0.0913462 0.754077
4 0.706731 0.605769 0.0817308 0.182692 0.811765
6 0.737981 0.920673 0.115385 0.105769 0.820036
1 0.455529 0.453125 0.0504808 0.0841346 0.831481
10 0.554087 0.389423 0.0600962 0.225962 0.897978
10 0.765625 0.581731 0.0793269 0.240385 0.911808
